lastAccountName: swim
timestamps:
  login: 1583503133548
  logout: 1583504935975
ipAddress: 223.88.83.152
lastlocation:
  world: world
  x: -3549.699999988079
  y: 116.99999999240043
  z: 2.4403993903870895
  yaw: -266.30457
  pitch: 26.09962
logoutlocation:
  world: world
  x: -3559.2285140318777
  y: 128.0
  z: -4.304409293635515
  yaw: -22.019323
  pitch: 35.24937
afk: false
