lastAccountName: swim
timestamps:
  login: 1583665520958
  logout: 1583676913883
  lastteleport: 1583669987588
ipAddress: 223.88.83.222
lastlocation:
  world: world
  x: -3724.0
  y: 88.0
  z: -11.0
  yaw: 82.80029
  pitch: 31.349813
logoutlocation:
  world: world
  x: -3402.456290438675
  y: 63.0
  z: -10.367499952015377
  yaw: 118.797195
  pitch: 22.799976
afk: false
