lastAccountName: liaopc
timestamps:
  login: 1578417662922
  logout: 1578423633542
ipAddress: 192.168.31.12
logoutlocation:
  world: world
  x: -151.6838017548185
  y: 64.0
  z: -0.2420609736446592
  yaw: 344.13672
  pitch: -44.250004
afk: false
