lastAccountName: liaopc
timestamps:
  login: 1582801609078
  logout: 1582804749875
ipAddress: 175.155.45.131
logoutlocation:
  world: world
  x: -3678.109522734415
  y: 66.0
  z: -39.1538307132535
  yaw: 148.29724
  pitch: 18.450203
afk: false
