lastlocation:
  world: world
  x: -1755.3973287638244
  y: 64.0
  z: 992.7161373470497
  yaw: 262.39096
  pitch: 15.295606
lastAccountName: Spark
timestamps:
  login: 1589042035068
  logout: 1589054385415
  lastteleport: 1588168495480
ipAddress: 219.232.77.94
logoutlocation:
  world: world
  x: -3776.6448484271523
  y: 67.0
  z: 74.2349836705123
  yaw: 255.81787
  pitch: -44.999355
afk: false
