lastlocation:
  world: world
  x: -2952.2311905934976
  y: 40.0
  z: 429.6999999880791
  yaw: 243.69727
  pitch: -40.950188
lastAccountName: Spark
timestamps:
  login: 1582810826613
  logout: 1582745638553
  lastteleport: 1582819847839
ipAddress: 219.232.77.17
logoutlocation:
  world: world
  x: -3783.168998922233
  y: 70.5
  z: 41.210374536589
  yaw: 179.90356
  pitch: -1.206206
afk: false
