lastlocation:
  world: world
  x: -1755.3973287638244
  y: 64.0
  z: 992.7161373470497
  yaw: 262.39096
  pitch: 15.295606
lastAccountName: Spark
timestamps:
  login: 1588170019190
  logout: 1588171363332
  lastteleport: 1588168495480
ipAddress: 127.0.0.1
logoutlocation:
  world: world
  x: -3828.925000011921
  y: 66.5
  z: 40.25921556605706
  yaw: 326.10083
  pitch: 28.65733
afk: false
