lastlocation:
  world: world_the_end
  x: 552.5285987572726
  y: 57.0
  z: -1323.837503820229
  yaw: -140.65082
  pitch: 30.598904
lastAccountName: Spark
timestamps:
  login: 1585326415454
  logout: 1585333857905
  lastteleport: 1585333720024
ipAddress: 0:0:0:0:0:0:0:1%0
logoutlocation:
  world: world
  x: -3826.300000011921
  y: 68.0
  z: 41.32818446162127
  yaw: 44.279663
  pitch: 21.446028
afk: false
