lastlocation:
  world: world
  x: -1755.3973287638244
  y: 64.0
  z: 992.7161373470497
  yaw: 262.39096
  pitch: 15.295606
lastAccountName: Spark
timestamps:
  login: 1588527081754
  logout: 1588527077900
  lastteleport: 1588168495480
ipAddress: 127.0.0.1
logoutlocation:
  world: world
  x: -3855.187373744211
  y: 84.3328885133791
  z: -86.24583955352408
  yaw: 235.91162
  pitch: -2.9868178
afk: false
