lastlocation:
  world: world
  x: -1755.3973287638244
  y: 64.0
  z: 992.7161373470497
  yaw: 262.39096
  pitch: 15.295606
lastAccountName: Spark
timestamps:
  login: 1588527081754
  logout: 1588536098656
  lastteleport: 1588168495480
ipAddress: 127.0.0.1
logoutlocation:
  world: world
  x: -3850.1163712667912
  y: 105.5
  z: -78.4631967162154
  yaw: 166.49316
  pitch: 34.807316
afk: false
