lastlocation:
  world: world
  x: -3744.0274730846363
  y: 59.0
  z: -2944.652032273543
  yaw: 163.6277
  pitch: 16.177588
lastAccountName: Spark
timestamps:
  login: 1596015067326
  logout: 1596025932087
  lastteleport: 1595958231053
ipAddress: 111.58.244.227
logoutlocation:
  world: world
  x: -5180.3061849225705
  y: 78.0
  z: 903.7434795234477
  yaw: 322.16895
  pitch: 9.639507
afk: false
