lastlocation:
  world: world
  x: -3724.0
  y: 88.0
  z: -11.0
  yaw: 0.0
  pitch: 0.0
lastAccountName: Spark
timestamps:
  login: 1588081524732
  logout: 1588081468352
  lastteleport: 1588083280682
ipAddress: 182.90.207.56
logoutlocation:
  world: world
  x: -3852.0314598497303
  y: 74.0
  z: -37.6193337351617
  yaw: 177.37744
  pitch: 15.54641
afk: false
