lastlocation:
  world: world
  x: -3828.366518604978
  y: 64.0
  z: 44.86040318442008
  yaw: 62.3656
  pitch: 24.52153
lastAccountName: Spark
timestamps:
  login: 1585228044481
  logout: 1585229200802
  lastteleport: 1585228968906
ipAddress: 127.0.0.1
logoutlocation:
  world: world
  x: -3761.542909115382
  y: 132.0
  z: -25.181636563768798
  yaw: 359.3813
  pitch: 11.661516
afk: false
