lastlocation:
  world: world
  x: -3744.0274730846363
  y: 59.0
  z: -2944.652032273543
  yaw: 163.6277
  pitch: 16.177588
lastAccountName: Spark
timestamps:
  login: 1595953441765
  logout: 1595958357302
  lastteleport: 1595958231053
ipAddress: 111.58.244.227
logoutlocation:
  world: world
  x: -5177.955453270556
  y: 89.0
  z: 908.3846850859064
  yaw: 67.677
  pitch: 35.276577
afk: false
