lastlocation:
  world: world
  x: -3724.0
  y: 88.0
  z: -11.0
  yaw: 0.0
  pitch: 0.0
lastAccountName: Spark
timestamps:
  login: 1588147985857
  logout: 1588105356909
  lastteleport: 1588086010490
ipAddress: 127.0.0.1
logoutlocation:
  world: world
  x: -3860.7002419861456
  y: 70.9375
  z: -17.46470969581749
  yaw: -175.11914
  pitch: -13.021132
afk: true
