lastlocation:
  world: world
  x: -1676.354812455787
  y: 66.0
  z: 1082.6466460802574
  yaw: 120.539185
  pitch: 11.24785
lastAccountName: Spark
timestamps:
  login: 1587635958895
  logout: 1587636270867
  lastteleport: 1587617326441
ipAddress: 127.0.0.1
logoutlocation:
  world: world
  x: -3866.4794276557795
  y: 69.9375
  z: -10.333994493823615
  yaw: 349.33032
  pitch: 20.475967
afk: false
