lastlocation:
  world: world
  x: -3764.3146616292993
  y: 65.0
  z: 15.516592972756843
  yaw: 191.0039
  pitch: 7.2104053
lastAccountName: Spark
timestamps:
  login: 1586026448362
  logout: 1586031229926
  lastteleport: 1586027835747
ipAddress: 182.90.207.14
logoutlocation:
  world: world
  x: -3748.9593580656156
  y: 64.0
  z: 12.826286028239686
  yaw: 249.68578
  pitch: -13.45551
afk: false
