lastlocation:
  world: world
  x: -3726.8824205002797
  y: 88.0
  z: -10.844434794238554
  yaw: 269.00534
  pitch: 11.249025
lastAccountName: Spark
timestamps:
  login: 1584436832614
  logout: 1584444286496
  lastteleport: 1584443553508
ipAddress: 219.232.77.17
logoutlocation:
  world: world
  x: -3566.392314569719
  y: 118.0
  z: 5.583997567917793
  yaw: 205.78217
  pitch: 6.9684014
afk: false
