lastlocation:
  world: world
  x: -3825.5776781891914
  y: 64.0
  z: 40.542482069007804
  yaw: 251.55994
  pitch: -17.075487
lastAccountName: Spark
timestamps:
  login: 1583598227050
  logout: 1583602329148
  lastteleport: 1583599328997
ipAddress: 219.232.77.17
logoutlocation:
  world: world
  x: -2070.0444383099643
  y: 72.0
  z: 2717.490518616676
  yaw: 301.31274
  pitch: 2.8325288
afk: false
