lastlocation:
  world: world
  x: -3756.699999988079
  y: 65.0
  z: 75.38404727508058
  yaw: -139.97925
  pitch: -0.23501492
lastAccountName: qwertyuiop
timestamps:
  login: 1580287807360
  logout: 1580291451212
ipAddress: 116.252.14.88
logoutlocation:
  world: world
  x: -3779.887505709801
  y: 90.0
  z: 166.31041856938583
  yaw: -205.20374
  pitch: 7.1135697
