lastAccountName: Ryan
timestamps:
  login: 1587635255014
  logout: 1587636474304
  lastteleport: 1586028987011
ipAddress: 127.0.0.1
logoutlocation:
  world: world
  x: -3865.940658503247
  y: 83.5
  z: -35.33145374240455
  yaw: -310.07874
  pitch: 11.3237095
afk: false
lastlocation:
  world: world
  x: -3864.5049470419085
  y: 84.73325349229138
  z: -22.333257542785834
  yaw: 203.02722
  pitch: 18.215845
