lastAccountName: Ryan
timestamps:
  login: 1583392826227
  logout: 1583400468075
  lastteleport: 1583168615189
ipAddress: 171.110.26.3
logoutlocation:
  world: world
  x: -3808.293609504278
  y: 76.5
  z: 37.81807040183093
  yaw: 278.71793
  pitch: 24.683498
afk: false
lastlocation:
  world: world
  x: -3787.21637931154
  y: 72.8606538526898
  z: -0.8874401993607315
  yaw: 24.0121
  pitch: 25.015253
