lastAccountName: Ryan
timestamps:
  login: 1588009257726
  logout: 1588010382065
  lastteleport: 1586028987011
ipAddress: 222.218.182.96
logoutlocation:
  world: world
  x: -3858.144769338547
  y: 72.0
  z: -17.78913989021227
  yaw: 78.85657
  pitch: -20.951128
afk: false
lastlocation:
  world: world
  x: -3888.699999988079
  y: 77.8985669602858
  z: -24.419671349852596
  yaw: 130.142
  pitch: 7.13061
