lastAccountName: Ryan
timestamps:
  login: 1585125092547
  logout: 1585126013935
  lastteleport: 1584812737539
ipAddress: 171.110.24.137
logoutlocation:
  world: world
  x: -3579.743274147415
  y: 118.0
  z: 7.93037961339208
  yaw: -270.28497
  pitch: 27.928944
afk: false
lastlocation:
  world: world
  x: -3661.2905428513686
  y: 155.53986435050467
  z: 53.855795174366946
  yaw: -108.04903
  pitch: 88.0578
