lastAccountName: Ryan
timestamps:
  login: 1588086128043
  logout: 1588087227218
  lastteleport: 1586028987011
ipAddress: 222.218.182.125
logoutlocation:
  world: world
  x: -3750.4207295116767
  y: 134.0
  z: -6.4291477549566665
  yaw: 79.99634
  pitch: 49.859375
afk: false
lastlocation:
  world: world
  x: -3888.699999988079
  y: 77.8985669602858
  z: -24.419671349852596
  yaw: 130.142
  pitch: 7.13061
