lastAccountName: Ryan
timestamps:
  login: 1586281984682
  logout: 1586283618452
  lastteleport: 1586028987011
ipAddress: 222.218.169.184
logoutlocation:
  world: world
  x: -3674.9631760797274
  y: 132.0
  z: -3.874530426650948
  yaw: -112.443054
  pitch: 27.427124
afk: false
lastlocation:
  world: world
  x: -3756.487500011921
  y: 69.0
  z: 10.196489471006284
  yaw: -7.640808
  pitch: 25.822775
