lastAccountName: Ryan
timestamps:
  login: 1585034042669
  logout: 1585043770998
  lastteleport: 1584812737539
ipAddress: 171.110.26.160
logoutlocation:
  world: world
  x: -3753.140068981561
  y: 132.0
  z: 5.338496542500353
  yaw: 75.59317
  pitch: 16.340265
afk: false
lastlocation:
  world: world
  x: -3661.2905428513686
  y: 155.53986435050467
  z: 53.855795174366946
  yaw: -108.04903
  pitch: 88.0578
