lastAccountName: Ryan
timestamps:
  login: 1585240727171
  logout: 1585241163745
  lastteleport: 1585227888469
ipAddress: 171.110.24.137
logoutlocation:
  world: world
  x: -3576.287443126482
  y: 121.99224150861636
  z: 30.101993324546946
  yaw: -157.23706
  pitch: 41.753395
afk: false
lastlocation:
  world: world_nether
  x: -180.34264664630575
  y: 133.11677351683224
  z: 134.52155066237805
  yaw: 171.34734
  pitch: 22.572502
