lastAccountName: Ryan
timestamps:
  login: 1588532594639
  logout: 1588532271340
  lastteleport: 1588535429150
ipAddress: 222.218.182.125
logoutlocation:
  world: world
  x: -3565.2603438905617
  y: 123.0
  z: -9.337463335675
  yaw: -131.75421
  pitch: 33.675014
afk: false
lastlocation:
  world: world
  x: -3848.5
  y: 124.0
  z: -88.5
  yaw: -176.70703
  pitch: 17.553095
