lastAccountName: Ryan
timestamps:
  login: 1595953637192
  logout: 1595953974549
  lastteleport: 1588535429150
ipAddress: 101.88.142.70
logoutlocation:
  world: world
  x: -3647.682989848383
  y: 139.0
  z: -1.1446452824589521
  yaw: -86.52078
  pitch: 35.292233
afk: false
lastlocation:
  world: world
  x: -5061.584523104891
  y: 103.98665648226847
  z: 4703.072190751248
  yaw: 14.993842
  pitch: 61.999752
