lastAccountName: Ryan
timestamps:
  login: 1582782446686
  logout: 1582774875343
  lastteleport: 1582387285778
ipAddress: 106.127.189.185
logoutlocation:
  world: world
  x: -3560.8678364910593
  y: 128.0
  z: 6.566078123807939
  yaw: 23.952148
  pitch: 39.90592
afk: false
lastlocation:
  world: world
  x: -3560.5478943767484
  y: 138.90607551757134
  z: 5.3424027379040435
  yaw: -262.31714
  pitch: 30.032492
