lastAccountName: Ryan
timestamps:
  login: 1588532594639
  logout: 1588535610778
  lastteleport: 1588535429150
ipAddress: 222.218.182.125
logoutlocation:
  world: world
  x: -3834.404205454413
  y: 107.0
  z: -57.04104359516945
  yaw: -104.280396
  pitch: 30.420616
afk: false
lastlocation:
  world: world
  x: -3848.5
  y: 124.0
  z: -88.5
  yaw: -176.70703
  pitch: 17.553095
