lastAccountName: Ryan
timestamps:
  login: 1585335637191
  logout: 1585342152707
  lastteleport: 1585328480297
ipAddress: 171.110.26.251
logoutlocation:
  world: world
  x: -3564.1130297320374
  y: 131.0
  z: -2.2113506485437586
  yaw: 103.32324
  pitch: 20.645048
afk: false
lastlocation:
  world: world_the_end
  x: 1.5
  y: 62.0
  z: -0.5
  yaw: -269.2163
  pitch: 29.305292
