lastAccountName: Ryan
timestamps:
  login: 1596291849988
  logout: 1596293122105
  lastteleport: 1588535429150
ipAddress: 192.168.31.120
logoutlocation:
  world: world
  x: -3565.8227149380964
  y: 133.0
  z: -0.49150518846518637
  yaw: 63.983765
  pitch: 43.38604
afk: false
lastlocation:
  world: world
  x: -5061.584523104891
  y: 103.98665648226847
  z: 4703.072190751248
  yaw: 14.993842
  pitch: 61.999752
