lastAccountName: Ryan
timestamps:
  login: 1586021648121
  logout: 1586031157816
  lastteleport: 1586028987011
ipAddress: 222.218.169.184
logoutlocation:
  world: world
  x: -3753.504884114852
  y: 64.5625
  z: -6.390035860646122
  yaw: -190.50638
  pitch: 27.426945
afk: false
lastlocation:
  world: world
  x: -3756.487500011921
  y: 69.0
  z: 10.196489471006284
  yaw: -7.640808
  pitch: 25.822775
