lastAccountName: Ryan
timestamps:
  login: 1584434548622
  logout: 1584444447960
  lastteleport: 1584353471440
ipAddress: 222.218.169.152
logoutlocation:
  world: world
  x: -3530.5574813521625
  y: 175.0
  z: 9.002418302048204
  yaw: 50.142944
  pitch: 16.663925
afk: false
lastlocation:
  world: world
  x: -3751.5
  y: 64.0
  z: -6.5
  yaw: -331.78918
  pitch: -50.50815
