lastAccountName: lwd
timestamps:
  login: 1580483182613
  logout: 1580488625857
ipAddress: 124.64.17.86
logoutlocation:
  world: world
  x: -155.947083110698
  y: 68.0
  z: 31.659169533544475
  yaw: 80.86303
  pitch: 12.749216
afk: false
